/path_node:
  ros__parameters:
    coordenadas_x: [0.86602, -0.07366, 1.15734, 1.88234]
    coordenadas_y: [0.5, 0.84202, 1.05908, -0.19665]
    lin_vel: [0.025, 0.380]
    ang_vel: [0.290, 3.000]
    area: 4.0