/path_ROSario:
  ros__parameters:
    coordenadas_x: [0.86602, -0.07366, 1.15734, 1.88234]
    coordenadas_y: [0.5, 0.84202, 1.05908, -0.19665]
    tiempo: [6.0, 7.0, 8.0, 9.0]
    velocidad: [0.0, 0.0, 0.0, 0.0]
    area: 4.0